   1.0000000e+00  -2.4405639e-01   1.2939987e-01   1.2616122e-03   3.1476372e-01  -6.4305372e-01  -9.7713630e-01
   2.0000000e+00  -2.0500819e+00  -1.3220292e+00   8.8839550e-01  -7.8147990e-02  -6.1009107e-01   1.3458510e+00
   2.0000000e+00  -1.7915309e+00   4.3827649e-01   3.8348652e-01   1.5159893e+00   6.3190185e-02  -8.7887906e-01
   1.0000000e+00  -6.8395532e-01  -1.5580474e+00  -8.2332390e-01   5.0264416e-01   1.4230087e+00  -3.9407375e-01
   2.0000000e+00  -5.1774219e-01  -9.4289946e-01   2.7109640e-01  -9.8066538e-01   2.0755835e+00  -2.4561957e-01
   2.0000000e+00  -9.6609828e-01   7.4711313e-01  -1.3573415e-01  -6.8495577e-02  -1.3199460e+00   1.4374019e-01
   2.0000000e+00   1.0638773e+00  -2.1810605e-01  -1.3209014e-01  -5.1828164e-01   9.2244946e-01  -3.8194838e-01
   2.0000000e+00   4.5648326e-02  -3.0659577e-01  -8.7688966e-01  -1.8990171e+00  -1.3669049e+00  -1.1687575e+00
   2.0000000e+00  -4.4159506e-01  -1.2680697e-01   1.2119290e+00   2.6257150e-01  -1.7256237e-01   1.3234908e+00
   1.0000000e+00   8.5693266e-01   8.3320402e-01   6.7744923e-01   6.6890669e-01   4.8649812e-01  -1.2612794e+00
   2.0000000e+00   4.2765494e-01  -1.1893914e-01  -1.0132275e+00  -8.0364015e-01  -1.4200928e+00  -2.3160974e+00
   2.0000000e+00  -1.7159221e+00  -7.4937958e-01  -2.2078421e-01   1.1261075e+00  -8.3572955e-01   1.2407718e-01
   2.0000000e+00  -1.8464720e+00   6.0446171e-02   1.4975584e+00  -6.5849448e-01  -8.2477309e-01  -5.8204405e-01
   2.0000000e+00  -1.9018822e-01  -1.3699339e+00  -5.1274673e-01  -1.6422484e+00  -1.8840344e+00  -4.7228613e-01
   2.0000000e+00  -2.2576228e-01   7.9386744e-01  -7.8853512e-01  -1.0286711e+00  -8.6901805e-01  -3.9057542e-01
   2.0000000e+00   2.2702135e-02   1.6353120e-01  -1.9274923e+00  -6.8683917e-01  -2.1302865e+00  -5.1446278e-02
   2.0000000e+00   3.6276955e-01   3.6082214e-01   7.7461790e-01   1.5628076e+00   1.0044994e+00   3.6259600e-02
   2.0000000e+00  -1.0775571e+00  -1.5594044e+00   1.1553990e+00  -9.2928191e-01  -1.9468692e+00  -7.0898185e-01
   2.0000000e+00  -6.0221785e-01   1.3149431e+00   1.7652815e+00   2.0678115e-01   1.5233978e-01  -3.9488759e-02
   2.0000000e+00   5.2601311e-01   2.3041610e-01  -6.4502433e-01  -4.0689242e-01   1.1797064e+00  -1.1347081e+00
   2.0000000e+00  -1.8094593e+00  -2.2477615e-01  -4.5626771e-01   8.6737117e-01   1.5579273e+00  -2.1198082e-01
   2.0000000e+00  -4.5771451e-01  -2.1470849e-01   1.8304958e+00   1.4453352e+00   3.2822872e+00   7.0848835e-01
   1.0000000e+00   1.8627579e+00   3.4976956e-02   3.7907891e-01   2.4669067e-02  -6.6747475e-01   7.5436517e-01
   2.0000000e+00  -1.0933321e+00   5.7158818e-02   1.0187316e+00   7.6140876e-01   5.1173515e-01   5.0270061e-01
   1.0000000e+00  -7.1937257e-02   1.8372418e-01  -2.2195968e-01   4.1301401e-01  -5.7480273e-02  -8.1668448e-01
   1.0000000e+00  -1.1024086e+00  -1.1650502e+00  -4.9438693e-02   4.7235356e-02   1.6040051e-01  -1.5272104e-02
   2.0000000e+00  -7.2633564e-01  -1.4725391e+00   1.2698025e+00   1.6891362e-02  -1.9881635e+00   2.1078834e-01
   2.0000000e+00  -5.7452153e-01  -1.2958343e-01   6.2333766e-01   2.7155709e+00   1.6868067e+00  -5.7080503e-01
   2.0000000e+00   8.4042431e-01   9.1455143e-01  -8.8690819e-02  -9.3072262e-01  -1.2259216e-01   9.6085170e-01
   2.0000000e+00  -8.0399943e-01  -1.9831814e+00   5.8821547e-01   1.1452206e+00  -8.6887634e-02  -5.9193362e-01
   2.0000000e+00   6.2173447e-01   3.4181426e-01  -1.1762475e+00   6.6977460e-01   1.9164904e-01  -9.5900709e-01
   1.0000000e+00   3.7189829e-01  -4.6728782e-01  -2.0086936e-02   1.1328493e-01   1.3564672e+00  -3.5679211e-01
   2.0000000e+00  -5.6630438e-01  -1.7360702e+00   8.8368715e-01   8.6091911e-01   5.9490061e-01   3.9632557e-01
   2.0000000e+00  -4.8853629e-01  -1.3156641e+00   7.5050021e-01  -9.1239290e-01   1.0460800e+00   6.3224378e-02
   2.0000000e+00  -1.0348742e+00   5.4384314e-01   1.1417074e+00  -2.1046381e-01   6.7127758e-01  -1.0400558e+00
   1.0000000e+00  -6.4898324e-01   3.2313922e-01   4.4297121e-01   1.6874321e-02  -7.0938393e-01   2.6447537e-01
   2.0000000e+00   1.2208628e+00  -7.2894292e-01   6.1426504e-01  -9.6564439e-02  -4.7929440e-01  -2.0695401e-01
   2.0000000e+00  -1.6004469e+00   1.3016899e+00   1.7060097e+00   6.1957240e-01  -2.0855705e+00   1.6586103e+00
   1.0000000e+00   1.3793537e+00  -1.5523954e+00  -9.3978621e-01   1.8276600e-02  -1.6849789e+00   2.3349439e+00
   1.0000000e+00  -1.7916416e-01  -2.2031380e-01   1.9287847e-01   7.6005669e-03   1.0126060e+00  -1.3553535e+00
   2.0000000e+00  -4.9822788e-01  -1.1859872e-01   1.4929393e+00  -3.4576390e-02   2.3830899e-01   2.2563287e-01
   2.0000000e+00  -3.1212499e-02   2.1857198e+00   7.0136330e-02  -1.3568218e+00   1.2056114e+00   1.3290084e+00
   2.0000000e+00  -5.5579189e-01   5.0160722e-01  -1.5106853e-01  -4.5763374e-01  -6.8064542e-01   6.3488553e-01
   2.0000000e+00   1.7730129e+00   1.6881915e+00  -1.1623919e+00  -2.7401209e-01   1.9172982e-02   1.0984632e+00
   2.0000000e+00  -1.3661666e+00  -1.2995415e+00  -1.1805355e-01  -9.1972637e-01   1.4388594e-01   8.3125566e-01
   2.0000000e+00  -3.8892279e-01   4.4134677e-01   1.0833711e+00  -4.8086900e-02  -4.9152258e-01  -9.2669169e-05
   2.0000000e+00   3.4234743e-01  -1.0727142e+00  -8.1600685e-01  -1.1080494e+00  -2.3988341e+00  -1.0438137e+00
   2.0000000e+00   1.4853243e+00   1.5023921e-01   2.3977448e+00   4.4126223e-01  -1.3464682e-02   4.5675065e-01
   2.0000000e+00  -1.6427671e+00   3.9515639e-01   2.0410157e+00   2.5424050e+00  -9.7859561e-01   1.4225139e+00
   2.0000000e+00  -1.5730127e+00   7.1986100e-02  -3.4423336e-02  -1.0706622e-01  -1.0871777e+00   5.8822646e-01
   1.0000000e+00   1.5357871e+00  -1.4523545e-01   8.7290150e-01   1.4406685e-02   3.3290738e-01   7.3170167e-01
   2.0000000e+00  -2.2002159e-01  -2.3928680e-01   8.7627156e-01   6.4542037e-01   1.4453379e+00   7.7857282e-01
   2.0000000e+00  -4.8641758e-01   1.3214862e+00  -7.8273612e-01  -1.9104640e-01   8.9512697e-01   4.6172496e-01
   2.0000000e+00   1.8374607e+00   1.3179665e+00  -2.2610077e+00  -2.1064386e-01   9.8093496e-01  -1.5369873e+00
   2.0000000e+00   3.7907597e-01   1.3340898e+00  -1.8968310e+00  -1.5325549e+00  -2.7316814e-01  -7.9927903e-02
   1.0000000e+00  -4.9410205e-01  -1.6542788e+00  -7.4623976e-01   1.4449192e-01  -4.2943827e-01   2.6828209e-01
   1.0000000e+00   6.4992617e-02   3.6603128e-01  -5.9511917e-01   7.8543526e-01   5.6306861e-02  -2.4828170e-01
   2.0000000e+00  -8.2713618e-01   1.0839694e+00  -1.1758297e+00  -6.4174360e-01   2.6475218e-01   2.1327621e-01
   2.0000000e+00   1.4069255e+00  -2.3139331e-01  -1.9256019e+00  -4.9296679e-01   7.0014775e-01   2.5371740e-01
   2.0000000e+00  -2.1898630e+00   9.9599817e-01  -6.1318111e-01  -7.7579421e-01  -1.5415583e-02   6.0883030e-01
   1.0000000e+00  -1.0872633e+00  -8.4584930e-01   3.3581836e-01   5.2809771e-02   2.1512984e+00  -4.0333122e-01
   2.0000000e+00   1.7570377e-01  -5.8483892e-01   1.5496949e+00  -5.2091596e-01   1.2155107e+00  -8.4224325e-01
   2.0000000e+00   1.3587122e+00  -8.0740816e-01  -6.7893643e-01  -7.8858789e-01  -8.9164692e-01  -2.3159221e-01
   1.0000000e+00   7.2022753e-01  -8.4381743e-01  -4.0729245e-02   3.3831045e-01  -5.2289946e-01   1.1233931e+00
   2.0000000e+00   9.5358197e-01   5.6966062e-01  -5.6229165e-01   1.5568611e+00  -3.1739672e-01  -8.6843528e-01
   2.0000000e+00  -6.5836853e-01   8.0649778e-01  -8.6807264e-01  -1.6193332e+00   7.1110634e-01  -7.7019784e-01
   2.0000000e+00   8.0778392e-01   2.8160711e-01   8.7216534e-01   6.1895881e-01   1.7785860e-01   5.9804166e-01
   2.0000000e+00  -3.0050479e-01  -6.3746602e-01  -5.1394637e-01   1.1879823e+00   1.2564237e+00  -8.8666928e-01
   2.0000000e+00  -2.4269761e-01   9.9658410e-01  -1.1254309e+00   4.4587794e-01   7.4100042e-03  -8.5876592e-02
   2.0000000e+00   8.9754179e-01  -6.3639572e-01   1.7592537e+00  -1.0423731e+00  -1.2759198e+00   6.7562867e-01
   2.0000000e+00  -7.5341428e-01   1.2505767e+00   6.3855204e-01  -1.5537294e+00  -3.3534800e-01   2.4316005e+00
   2.0000000e+00   6.0041364e-02  -9.0709455e-01  -7.7396875e-02   1.7485439e+00  -8.0173962e-03   8.5280136e-02
   2.0000000e+00   1.0796227e+00  -5.8785471e-01  -2.8817017e-01  -7.1174941e-01  -7.9187903e-02  -1.1835858e+00
   2.0000000e+00  -7.6547937e-02  -8.1752977e-01   4.9564291e-01  -4.3793490e-01  -4.5694803e-01   9.9220363e-01
   2.0000000e+00  -1.2805718e-01   7.7653985e-02  -3.1824726e-01  -2.1026794e+00   3.0610953e-01   9.9134732e-01
   2.0000000e+00  -4.2766572e-01   2.4562898e-01   4.0679414e-01  -5.9793240e-01  -4.1861484e-01   2.0590280e+00
   1.0000000e+00   1.7092242e+00   1.0696971e+00   2.2748409e-01   7.4373305e-01  -1.0856782e+00  -1.7252827e+00
   2.0000000e+00  -6.8277175e-01   1.6877477e+00  -2.6222353e-01   1.2601882e+00   6.7654035e-01   7.9867838e-01
   2.0000000e+00   6.1435704e-01   1.1380590e+00  -9.5502112e-01  -1.5026294e-02  -4.1391604e-01   1.4336142e-01
   2.0000000e+00  -7.5550486e-01   8.2585190e-01   2.2437575e+00   1.0356888e+00  -8.0569856e-02  -1.8374216e-01
   2.0000000e+00  -1.7920815e+00  -1.4050923e+00  -9.1607306e-01   1.6753451e+00  -1.9717994e-01   3.9930302e-01
   2.0000000e+00  -2.9046084e-01   7.7891289e-01   2.5601013e-01  -1.5898870e-01   1.3020842e+00  -4.9195389e-01
   2.0000000e+00  -9.4210114e-01  -6.1999348e-01  -7.8826388e-01  -2.4756815e-01   9.8512326e-01   1.4311504e+00
   2.0000000e+00  -1.2248197e-01   6.0869707e-01  -3.7940835e-01   1.1122138e+00   5.6780560e-01  -9.6141070e-02
   1.0000000e+00  -9.4863405e-01   1.4782182e+00  -2.3365923e-02   2.9285199e-01  -4.5453448e-01   7.2542811e-01
   2.0000000e+00  -3.7240521e-02   7.4650163e-01   4.9589057e-01  -7.0797793e-02  -1.0109194e+00   4.3687586e-01
   2.0000000e+00   3.2064887e-01   2.7763227e-01   1.5699728e+00  -1.2699740e+00  -4.2425279e-01   1.7459611e+00
   2.0000000e+00   2.4830865e-01   1.2125839e+00  -4.3844981e-01  -2.8603778e-01  -9.6577763e-02  -9.0285677e-01
   2.0000000e+00   5.1229586e-01   3.0364592e-01  -6.1190668e-01   1.6093947e+00   3.8449325e-01   9.6580642e-01
   2.0000000e+00   9.9467831e-01   8.1599286e-01  -7.2535970e-01  -4.4516030e-01   3.9976990e-01  -9.7040979e-01
   2.0000000e+00   1.7697635e-01   1.2433713e+00  -5.8588611e-01  -1.0285159e+00   8.1071291e-01  -1.8566608e+00
   1.0000000e+00  -1.8967628e-01  -1.8445338e+00  -1.7058236e-01   1.4807489e-01  -2.8787889e-01   9.3336402e-01
   2.0000000e+00   5.6525253e-02   1.2761802e+00   6.3706276e-01   1.3373635e+00  -6.7932041e-01  -3.6186390e-01
   2.0000000e+00   2.1836200e+00   4.6003200e-01  -2.4652586e-01  -3.5236201e-03   1.3845793e+00   3.0831635e-01
   1.0000000e+00  -8.8012686e-01  -5.1784339e-01   1.7003657e-01   9.0854811e-01  -4.3968741e-01  -5.6295388e-02
   2.0000000e+00  -7.8516822e-01  -8.0525009e-01  -5.0449570e-01   9.9908167e-01  -9.9295296e-01   8.6775233e-01
   2.0000000e+00   2.0134508e+00   5.1932025e-01   3.4785146e-01  -5.6516401e-01   1.4415254e+00   6.3553493e-01
   2.0000000e+00  -3.3013661e-01  -8.1913713e-01  -2.2642077e-01   1.6534230e+00  -2.9453045e-01   1.7339719e+00
   2.0000000e+00   7.1739383e-01   1.1918616e+00  -5.2732294e-01   1.7204650e+00   6.2693725e-01  -6.1605629e-01
   2.0000000e+00   6.5640849e-01   7.2448786e-01   9.8279699e-01  -4.0009951e-02   2.1997491e-01  -1.7131600e+00
   2.0000000e+00   1.2158804e+00   5.8386212e-01   7.2666454e-02  -7.0484611e-01  -1.2743301e+00  -9.3126680e-02
   2.0000000e+00   4.0558266e-02  -4.8388180e-01   1.1400259e+00   2.7828956e-02   6.7185544e-01  -1.8639601e+00
   2.0000000e+00  -2.2120047e-01  -5.3820338e-01   7.9164793e-01  -2.5598886e-02  -1.4318013e-01  -5.2936347e-01
   2.0000000e+00   4.4792470e-02  -2.3713483e-01   1.2983486e+00  -1.2240900e+00  -1.4425881e-01  -1.3158808e+00
   2.0000000e+00  -3.1478820e-01  -6.0498946e-02   1.6913039e+00   2.7197496e-01   1.1574642e+00   2.7444735e-01
   2.0000000e+00   9.1268961e-02  -1.8921277e-01  -1.0979315e+00  -3.5075363e-01   6.8295124e-01  -3.4035649e-01
   2.0000000e+00  -1.7709887e+00   6.9862698e-01  -2.8105187e-01  -1.5036788e+00   1.2041468e+00  -6.7721820e-03
   1.0000000e+00   1.9347346e-01  -2.9175675e-01   2.9233155e-01   9.3700836e-01   1.3155090e+00   1.6944091e+00
   2.0000000e+00  -1.3655704e+00   1.9529071e-01  -1.9431274e-01  -1.3735721e+00   1.4864796e+00  -1.0274171e-01
   1.0000000e+00   1.6246161e+00   1.3464787e-01   6.3434383e-01   5.6475857e-01   4.6308210e-01   8.8488990e-01
   2.0000000e+00  -1.7625357e+00   4.0141810e-01  -1.0151009e+00  -7.4324467e-01   1.9207978e+00  -1.6205921e+00
   2.0000000e+00   3.6141719e-01   7.1046408e-01   3.5490004e-03  -2.0262802e+00   3.8734963e-01  -8.9860983e-01
   2.0000000e+00  -8.4511270e-01  -3.2601731e-01   2.4106439e+00   9.1822985e-01   7.3906377e-01  -4.0604026e-01
   2.0000000e+00   4.2127446e-01   7.8064384e-01   3.0733676e-01  -6.1318550e-01   2.4249349e+00   2.1637995e-01
   2.0000000e+00   8.6029764e-01  -2.1183882e-01  -2.9782395e-01  -3.3425692e-01   5.8203022e-01   6.2174085e-01
   2.0000000e+00   2.1306350e+00  -1.0033702e+00   1.4100280e+00  -9.3526366e-02   1.8900025e+00  -1.7317350e+00
   2.0000000e+00   1.3054169e+00  -6.4172149e-01   1.4424421e+00   2.9644222e-01  -4.5691967e-01  -1.2857099e+00
   2.0000000e+00  -2.4441935e+00  -1.6159296e+00   9.4853392e-01   9.3015218e-01  -8.6073029e-01  -4.0315381e-02
   2.0000000e+00   3.2210202e-01  -1.5816512e+00   8.8898235e-01   8.4779795e-01  -3.0038991e-02  -3.2100865e-01
   2.0000000e+00  -5.0401048e-01   1.0698803e+00   3.1577721e+00   1.4177274e+00   5.2757915e-01   9.8563814e-01
   1.0000000e+00  -3.6674213e-01   5.2871909e-01   2.8326669e-01   4.0082231e-01  -7.5155725e-02   2.1164661e+00
   1.0000000e+00  -7.6644326e-01  -1.3252846e+00   5.7528004e-01   6.0296197e-01   4.4872023e-01  -2.5930992e+00
   2.0000000e+00   4.5281493e-02  -6.4853510e-01   4.1727457e-01   9.4356133e-01   4.8134225e-01   1.0175743e+00
   2.0000000e+00  -2.5360821e-01  -4.6095721e-01   6.7451995e-01   1.2777324e+00   1.3637908e-01  -1.5889951e+00
   2.0000000e+00   1.7841779e-01  -1.9893691e-01  -3.5777775e-01  -3.3605141e-01   7.7250980e-01  -1.9448905e+00
   2.0000000e+00   3.6868516e-01  -8.3615964e-01   1.3991530e+00   1.3258408e+00   3.0782825e-01   3.2266010e-01
   2.0000000e+00  -1.5791580e+00  -1.1173897e+00   4.4713114e-01  -1.1515832e+00   3.2331359e-01  -1.7605366e-01
   1.0000000e+00   1.5092424e+00   7.6669732e-01   1.6050223e-01   5.4750732e-01   6.3641261e-01  -3.6804323e-01
   2.0000000e+00  -4.5063409e-01   1.1563487e+00   5.5796332e-01  -2.9096315e-01  -7.7487904e-02  -7.6496347e-01
   2.0000000e+00  -1.4444703e+00   8.3046404e-02   6.7293500e-01   1.2876408e+00   1.1208605e+00  -3.6708816e-01
   2.0000000e+00   3.6049802e-01   1.7817736e-01   3.1431855e-01  -2.0124042e-01   1.9472529e-01  -1.3033684e+00
   2.0000000e+00   1.0504499e+00   1.2861985e-01  -5.4461826e-01   1.0150368e+00  -4.6033391e-01   1.5866487e-01
   1.0000000e+00   5.2643559e-01  -8.8900218e-01  -2.6659819e-01   5.5139810e-01   1.7235805e+00  -1.4418483e+00
   2.0000000e+00   4.3838063e-01  -3.8863870e-01   8.3358979e-01   1.0043183e+00  -5.4542491e-01   2.7381635e-01
   2.0000000e+00  -1.6170207e-01  -3.8552039e-01   9.5904731e-01   1.2138268e+00  -9.9481812e-01  -6.2940458e-01
   2.0000000e+00  -1.5735696e+00  -5.4746502e-01   1.4269129e+00  -7.7883853e-03   1.2200550e+00   2.0680437e+00
   2.0000000e+00  -2.3878512e+00   1.6457497e+00   5.6021800e-01  -1.5948589e+00   2.4862659e+00   7.6336984e-01
   2.0000000e+00   1.5105318e+00   9.5715682e-01  -7.3376513e-01   1.5839262e+00   1.1632597e+00   9.4406344e-01
   2.0000000e+00  -1.0525590e+00   1.7932202e+00   8.9782486e-01  -6.5075360e-02   1.4197947e+00   1.2529517e-01
   2.0000000e+00   5.7476751e-01   4.4888601e-01   6.6795877e-01  -7.3330725e-01   5.7554615e-01  -1.7724920e+00
   2.0000000e+00   2.9461302e-01   1.1886201e-02   1.2782395e+00   8.3663375e-02  -1.6485771e+00  -6.6064946e-01
   2.0000000e+00   1.2519674e+00  -1.9831330e+00   6.7723900e-01  -9.2835755e-02   1.5563176e+00   7.9907494e-01
   2.0000000e+00   3.7670014e-01   2.8410779e-01  -5.3863476e-01  -6.2967367e-01  -5.1208754e-01   1.1396080e+00
   2.0000000e+00   5.4500151e-01   1.1605393e+00   9.6550475e-01  -3.0258378e-01   1.7914362e-01   1.7390220e-01
   2.0000000e+00   1.8789891e+00  -8.6507877e-01   1.8486574e+00  -1.7312536e+00  -1.5344502e+00   1.2755806e+00
   2.0000000e+00   8.5147253e-01   7.8108362e-01   1.2389382e+00  -3.9804913e-01   3.0066775e-01   4.2062471e-01
   2.0000000e+00   4.4005483e-01   2.9476267e-01   1.5101790e+00  -6.0990497e-01   4.8761567e-01   7.2528976e-01
   2.0000000e+00   1.8667374e+00  -1.0593832e+00  -5.7244471e-01  -9.6113916e-01  -1.1525171e-01   5.9980483e-01
   1.0000000e+00   1.3234122e+00  -8.9936483e-03   6.5965128e-01   8.6853384e-02   2.5235922e+00  -6.7945630e-01
   2.0000000e+00  -4.6566024e-01  -9.3500565e-01  -1.4930097e+00   6.9895140e-01  -2.8426398e-02   1.8206912e+00
   2.0000000e+00   9.4870381e-01   3.0883279e-01  -7.3063983e-01  -5.0033228e-01  -9.4641303e-01   1.6626271e-01
   2.0000000e+00  -3.4862877e-01   1.1011449e+00  -1.6221309e-01  -1.5985185e-01  -1.3704079e-01  -2.8282212e-01
   1.0000000e+00  -6.8460656e-01  -1.4220210e+00  -9.1831118e-01   3.3565956e-02  -2.3998994e-01  -4.2780619e-01
   1.0000000e+00  -4.9941264e-01  -1.1289655e-01  -4.8215096e-02   9.7503230e-01   5.8435105e-01   1.4987920e+00
   2.0000000e+00   9.4611243e-01  -9.5211694e-01  -1.6609806e+00   9.4687768e-01   1.0133451e+00  -1.6361025e+00
   2.0000000e+00  -7.8288892e-01   1.3328555e+00  -1.0382550e+00   9.0678661e-01  -1.3877724e+00  -9.1557051e-01
   1.0000000e+00  -6.9083720e-01   1.1012555e-01   7.1456803e-01   3.9741884e-01  -7.3550424e-01  -1.0107512e+00
   2.0000000e+00  -1.0508483e+00   7.1234296e-01  -1.2659767e+00   1.7734098e+00   1.0134438e+00   1.6170014e+00
   2.0000000e+00  -4.7822752e-01  -1.4540771e-02   5.8227273e-01  -5.5490816e-01  -1.4651980e+00  -7.1650131e-02
   1.0000000e+00   4.4519695e-01  -3.4744952e-01   2.5890205e-02   2.2744191e-01   2.5970497e+00  -1.9515337e+00
   2.0000000e+00  -1.5489739e-01  -1.9045009e+00  -1.7254171e+00   5.1691337e-01  -1.4626712e+00   3.1804834e-02
   2.0000000e+00   5.7415687e-01  -9.7629027e-01   7.1176625e-01  -6.9852173e-01   4.5556015e-01   1.7947748e+00
   2.0000000e+00  -1.5263988e-02   5.5345701e-01  -1.0664535e+00  -4.0301559e-01  -4.0153213e-01   1.5916163e+00
   2.0000000e+00   2.5863998e-01   2.3917706e-01  -7.9914646e-01  -9.8291551e-01   6.3055966e-01  -7.0152679e-01
   2.0000000e+00   2.8467355e-01  -8.9874398e-01   3.5042955e+00   4.5438694e-01  -1.4402313e-02  -1.0286518e-01
   2.0000000e+00  -1.6538210e+00  -1.3570933e+00  -1.0519256e+00   1.9316521e+00   2.0883898e+00  -3.2150485e-02
   2.0000000e+00   1.2673982e-01  -1.0904694e-01  -1.2013130e+00  -7.1130711e-01  -5.5058224e-01   1.0655419e+00
   2.0000000e+00   6.7974060e-01   1.2561103e+00  -1.0672688e+00   8.9879416e-01   2.3615309e+00   8.9729992e-01
   2.0000000e+00   1.1648369e+00   1.7201557e+00  -7.6369732e-01  -7.4213138e-01  -2.0105955e+00  -7.8798138e-01
   1.0000000e+00   2.2016330e-01  -1.8236037e+00  -3.7572542e-02   3.0456882e-01   2.1787596e-01  -2.9247336e-01
   2.0000000e+00  -9.7633016e-01   9.2318804e-01  -1.2949745e+00  -6.3146409e-01  -4.2593627e-01   5.1978969e-01
   2.0000000e+00   2.3897734e+00   3.2613073e-01   2.9263782e-01   2.7227918e+00  -8.7639734e-01  -5.4178216e-01
   2.0000000e+00   2.0171629e+00   3.7116548e-01  -5.9328498e-01   7.7229616e-01  -1.1181056e+00   6.6170326e-02
   1.0000000e+00   4.6317353e-01  -3.4085207e-01  -5.5249366e-02   7.1744120e-01   1.0737433e+00  -4.9123222e-01
   1.0000000e+00  -6.4499030e-01   5.3028097e-01   5.7679201e-01   1.8625712e-01  -1.1918540e+00   1.0989645e+00
   2.0000000e+00  -1.0255171e+00   1.5084036e+00  -1.5216627e+00  -1.8944839e-01   1.0276153e+00  -1.0576279e+00
   2.0000000e+00  -3.6483842e-01   9.5251468e-01  -9.5077765e-01  -1.3064096e+00   6.6700383e-01   4.7053445e-01
   2.0000000e+00   4.9043515e-01   1.2876245e+00  -1.2015216e+00  -1.8620046e+00  -3.2066068e-02   1.5097696e+00
   1.0000000e+00   1.2344034e+00   3.6084214e-01  -6.9437878e-01   2.4276583e-01  -1.2081664e+00   1.6970306e-01
   2.0000000e+00   8.3699547e-01  -8.4479271e-01   4.4597764e-01  -1.5351687e+00   2.2694938e+00   2.0465881e-02
   2.0000000e+00  -5.9726775e-01  -5.6826630e-02  -1.1104524e+00  -1.2156114e+00  -8.8228949e-01   4.7021718e-01
   2.0000000e+00   4.1821411e-01  -1.0470917e+00  -5.8275251e-02  -2.0142789e-01  -6.8507374e-01   6.2803738e-01
   2.0000000e+00   2.2071943e+00   1.0745579e-02  -1.3367496e+00   1.8358513e+00   1.6984342e-01  -2.1564415e+00
   2.0000000e+00  -2.1357421e+00   1.3682680e+00   5.2159266e-01  -1.5782036e+00  -2.1948239e-01  -7.5837978e-01
   1.0000000e+00  -1.7048425e+00   8.6921645e-01  -3.1712560e-01   8.8085420e-01   1.9744622e-01   1.8966656e+00
   2.0000000e+00   2.2836820e-01   9.3850311e-02  -6.1926070e-01   2.1399597e+00  -6.9637694e-01   9.0976175e-01
   2.0000000e+00  -7.8005737e-01  -6.7852995e-01  -1.5647111e-01   1.0654867e+00  -1.6646840e+00  -4.0377571e-01
   2.0000000e+00  -7.9973138e-01  -9.9590060e-01   2.5134239e+00   4.7690446e-01   1.3056267e+00   2.5005806e-01
   2.0000000e+00  -2.8845687e-01   1.0329337e+00  -5.0196143e-01   2.1769117e+00  -1.1665782e+00   1.8134659e-01
   2.0000000e+00  -1.5240567e-01  -1.3623768e+00  -2.3270636e+00   7.8077436e-02  -2.1503532e+00  -1.2332658e+00
   2.0000000e+00   5.1577998e-01  -1.3491439e+00  -6.5084261e-01  -1.9002303e-02  -8.1037235e-01  -3.0357863e-03
   2.0000000e+00   1.3989751e+00   5.0068753e-01  -1.3757742e+00   8.7301316e-01  -4.0642287e-01  -1.2654102e+00
   2.0000000e+00  -9.4648945e-01   2.4992410e-01   2.2229370e-02   1.0270697e+00  -6.9023454e-01  -2.2252006e+00
   2.0000000e+00   5.8744986e-01   1.3631283e-01  -1.1438045e+00   1.1961978e+00   6.8482413e-01   1.5660348e+00
   2.0000000e+00   5.3196385e-01  -1.2282569e+00  -5.4998569e-01   1.7932744e+00  -1.6521043e+00  -2.0657867e+00
   2.0000000e+00  -4.8583987e-01   3.4889959e-01   5.8818551e-01   1.3260240e+00  -2.6271098e-01  -5.1526627e-01
   2.0000000e+00   4.2136620e-02  -1.0724967e+00   5.5994996e-01   8.4468529e-01   9.7996256e-01   1.2040057e+00
   2.0000000e+00  -1.4700834e+00   1.5118791e+00   1.4561210e+00   9.2742563e-01  -6.9611569e-01  -1.9045464e-01
   1.0000000e+00   6.5163328e-01   9.0677068e-01  -3.6102660e-01   3.7948775e-01   6.2908435e-02  -2.9829306e-01
   1.0000000e+00  -1.5727478e+00  -2.3108613e+00  -4.6387139e-01   7.7099943e-01   6.6679069e-01  -1.0189058e+00
   2.0000000e+00   1.4094049e-01  -6.7728863e-02  -2.5688646e-01  -9.3038937e-01  -8.6166859e-01   9.4083171e-01
   2.0000000e+00  -2.5953985e+00   7.5662660e-02   1.8518332e+00  -3.3914788e-01  -2.4392450e-01   3.7186928e-01
   2.0000000e+00   4.2461696e-04   7.8880289e-01   8.5954262e-01  -7.4104506e-01   1.4754482e+00   2.3770439e-01
   1.0000000e+00  -2.9201246e-01   3.5518126e-01   3.1438058e-01   1.8438198e-01   4.5045663e-01  -1.4315740e-01
   2.0000000e+00   2.7359955e-01   1.5891362e-01  -2.9265704e-01  -4.0979255e-01  -8.2669158e-01   8.2496568e-01
   2.0000000e+00  -6.8392882e-01  -2.2347310e+00   1.7879554e-01  -1.1159942e+00  -1.2350077e+00  -5.5426985e-01
   1.0000000e+00   3.7024622e-01  -1.2751317e+00   6.2114065e-01   6.1031331e-01   2.1428627e+00  -1.4929499e+00
   2.0000000e+00  -6.9700381e-01   4.6631603e-01   3.2495749e-02   1.1678423e+00  -6.8582330e-01   2.6876582e+00
   1.0000000e+00   6.5940996e-01  -1.3491957e+00   6.4894986e-01   2.2749583e-01  -1.1324236e+00   9.6765261e-02
   2.0000000e+00  -7.1537171e-01   1.1324512e-01   6.3843970e-01  -1.1948266e+00  -4.2121245e-01   1.1891995e+00
   2.0000000e+00   1.2925850e+00  -2.0181484e+00   6.0676931e-01   1.4585796e+00   1.2674648e+00  -3.4095834e-01
   2.0000000e+00  -4.6787974e-01  -6.3101533e-01   1.8605062e+00   5.6684448e-01  -1.8403169e-01  -3.6576885e-01
   2.0000000e+00   1.9861907e-01   3.9346647e-01   4.0751253e-01   1.4522426e+00  -1.0967336e+00   7.2466653e-01
   2.0000000e+00   3.3395331e-01   3.3406839e-01  -1.0421351e+00  -1.4523404e+00  -8.6082209e-01  -3.7513617e-01
   2.0000000e+00  -1.0651663e+00   9.7314464e-02  -1.2437433e+00  -1.6144947e+00   2.2701591e-01  -9.5391585e-01
   2.0000000e+00   2.3311730e+00  -3.5571977e-01  -2.0289822e+00  -1.0230609e+00   2.4977474e+00  -6.0144868e-01
   2.0000000e+00  -1.2297788e+00   4.3533244e-01   2.2437132e+00   3.1199851e-01   1.3010912e-01  -6.0551277e-01
   2.0000000e+00   6.8978386e-02  -2.5047161e+00   9.1779132e-01   4.4256350e-01  -1.4426833e-01   6.4525144e-01
   2.0000000e+00   2.0762004e+00  -1.0011694e+00  -2.1988299e-01  -5.0780605e-01   3.1123133e-01   8.6242724e-01
   1.0000000e+00  -6.0914036e-01  -5.3492349e-03  -7.9074785e-01   1.0291913e-01  -9.7467868e-01   1.3763129e+00
   2.0000000e+00   3.0094582e-01  -7.9885050e-01  -3.3237177e-01  -9.7995326e-01  -5.4569934e-01  -9.1300758e-01
   2.0000000e+00   4.1721463e-01   7.5452034e-01   3.7923060e-01   1.5292347e+00   1.2429805e+00   2.7137666e-01
   2.0000000e+00  -8.6841235e-01   6.7329644e-01  -2.0346470e+00  -1.9130192e-01  -3.0218777e-01   1.6858031e-01
   2.0000000e+00  -6.8165199e-01  -1.7814802e+00  -7.6174575e-01   1.0369405e+00  -5.4669562e-01  -4.1585486e-01
   1.0000000e+00   2.3763926e-01   2.5645188e-01   2.8061658e-01   8.0606343e-01  -2.0357439e-01  -2.0324460e+00
   1.0000000e+00   5.6707944e-01  -3.7929378e-01  -4.3968336e-01   7.2388096e-02   1.1370496e+00  -6.7810497e-02
   2.0000000e+00   3.1545176e-01  -5.2157997e-01  -2.7397304e-01  -8.8675190e-01  -7.6588895e-01   1.6509523e+00
   2.0000000e+00  -9.5633646e-01  -5.7446131e-01  -1.1578579e+00   9.5129668e-01  -8.5777069e-01  -3.4346642e-01
   2.0000000e+00  -6.0051928e-01   1.1375471e+00   2.6663137e-01  -1.1296972e+00   4.1149524e-01  -3.2425921e-01
   2.0000000e+00  -2.4191668e-01   6.7999909e-02  -1.2966198e+00   7.0589483e-01  -2.7683435e-01  -9.6145036e-01
   2.0000000e+00   6.6327994e-01  -3.4892721e-02  -2.9973876e-02  -3.6204145e-01  -9.3991034e-02  -6.1698731e-01
   2.0000000e+00  -1.8668744e+00   7.4514198e-03   1.4868684e+00   1.0804299e-01   1.5546443e+00   1.0781214e+00
   2.0000000e+00   1.1863906e-01   4.7528456e-01  -5.2770077e-01  -1.8106346e-01  -3.5852943e-01   1.0089124e+00
   2.0000000e+00  -1.9488186e-01   1.0356930e+00  -1.4794013e-01  -7.6865806e-01  -1.9821576e-01   5.4089383e-01
   2.0000000e+00  -2.7249430e-01   1.0371653e-01  -7.6354977e-01  -1.5429932e+00   1.1087221e+00  -8.0869938e-01
   1.0000000e+00   1.2592985e+00  -1.4157541e-01   3.1632390e-01   1.4150554e-01  -7.7594071e-01   7.4546747e-01
   2.0000000e+00   5.5228424e-01  -4.8208804e-01   7.2002055e-01  -1.1815282e+00   6.4244600e-01  -4.3370840e-02
   2.0000000e+00   1.4093890e-01   5.3771549e-01   1.9209074e+00   5.2315136e-01  -1.3057644e-02  -3.2770660e-01
   2.0000000e+00  -6.2493406e-01  -6.1310189e-01   8.2368335e-01   1.0925615e+00   1.3306963e+00  -9.1240802e-01
   2.0000000e+00   2.5621541e-01  -1.0161002e+00   8.1338281e-01  -7.8646875e-01   5.4671878e-02  -6.5328677e-01
   2.0000000e+00   1.2456664e+00  -1.6915640e+00  -7.0975367e-01   1.0288557e+00   1.4927577e+00   3.7970581e-01
   1.0000000e+00  -5.5840378e-01   2.4994448e+00  -2.2858865e-01   1.3322547e-01   1.8339525e-01   2.0739707e-01
   2.0000000e+00  -6.5964696e-01   4.4101550e-01   4.7345247e-01  -1.8636870e+00  -6.0282440e-01   2.2138882e-01
   1.0000000e+00  -2.8148801e-01   7.4043793e-02   6.1999161e-01   3.0712485e-01   4.3920425e-02   8.4027618e-01
   1.0000000e+00  -4.5103311e-01  -1.8861738e+00  -1.5593161e-01   1.4139057e-01  -4.7401315e-01   2.2240160e+00
   1.0000000e+00  -1.1613179e+00   8.9507139e-01   7.4220251e-01   4.5645211e-01   2.1588038e+00  -1.2318043e+00
   2.0000000e+00   1.6968679e+00  -8.7837155e-02   1.1767711e+00   2.0040080e-01  -6.8663531e-01   2.0822224e-01
   2.0000000e+00  -2.7233812e+00  -1.4170216e+00   6.6261641e-01   7.1923791e-01   1.0123664e+00   5.1793320e-01
   1.0000000e+00   1.1694638e+00   1.9366654e+00   1.6875739e-01   2.0817252e-01  -5.9040825e-01  -6.4667813e-01
   2.0000000e+00  -1.0094638e-01   6.6587580e-01  -2.5930669e-01  -1.0493338e+00   7.2318988e-01  -1.6618035e+00
   2.0000000e+00   4.6648111e-01   2.3820184e-01   1.6128794e+00  -1.9124920e-01  -8.9278664e-01   9.8993913e-02
   2.0000000e+00  -1.9599880e-01  -2.5202018e-01  -8.4135393e-01  -1.0850226e+00   9.3455485e-01   3.8742769e-01
   2.0000000e+00   7.7824578e-01   3.1487920e-01   1.4837806e+00   3.7051103e-03  -4.0955144e-01   4.4138051e-01
   2.0000000e+00   9.4415195e-01  -2.0620315e+00   8.3185858e-01  -1.1400716e+00  -2.8646573e+00  -7.9984075e-01
   2.0000000e+00   5.0884991e-01  -2.2219895e+00  -1.0139342e-01  -5.5722256e-01  -8.1002889e-01  -1.1442802e+00
   1.0000000e+00   1.1070300e+00   1.6792778e-01  -4.2745190e-01   3.1129120e-01   1.1562378e+00   5.2847572e-01
   2.0000000e+00   8.8735675e-01   2.1441546e-01   1.8856436e-01  -7.5257234e-01   1.4804873e+00  -1.0702807e-01
   2.0000000e+00   8.9807471e-01  -3.4332409e+00   3.9575765e-01  -7.8057874e-01  -3.6619090e-01  -1.6848429e+00
   1.0000000e+00  -5.2254076e-02   2.0047708e-02   1.6990158e-01   6.5470932e-01  -1.0765212e+00   1.7628339e+00
   2.0000000e+00  -1.1205426e-01  -6.7635342e-01   1.9751678e-01  -7.4720632e-01   2.5769823e-01   4.5884736e-01
   2.0000000e+00  -9.8640608e-01  -3.3041122e-01  -1.2079779e+00   1.4198846e+00   6.0058848e-01   1.4653991e+00
   2.0000000e+00   1.1303885e+00   1.5339727e+00   5.8317048e-01  -4.5974492e-01   1.6319170e+00   7.4874411e-02
   2.0000000e+00   5.2038229e-01   2.4706496e-01   6.9821082e-01  -1.6019371e+00  -1.1977992e-01   7.2390187e-01
   2.0000000e+00   1.3151529e+00  -3.2118520e-01   1.3289568e+00  -5.4371601e-02  -1.1262299e+00  -5.3306398e-01
   1.0000000e+00   1.2889925e+00  -4.2215282e-01  -4.5313560e-01   7.4501709e-01   6.0112300e-02  -1.2428213e+00
   2.0000000e+00   6.2219993e-01  -1.3181474e+00  -2.0885946e-01  -2.6099993e+00  -1.9894023e+00   1.5109450e-01
   2.0000000e+00  -1.1263401e+00   2.7346406e+00   1.0122392e+00   5.7010237e-01   6.6557416e-01  -2.3948911e-01
   2.0000000e+00   4.4521273e-01   9.9611092e-02   2.2222192e-01  -1.9263607e+00  -5.8662727e-01   3.0574714e-01
   2.0000000e+00  -3.0129306e-01  -6.3619630e-02   6.9910460e-01  -1.5468482e+00   9.6653800e-01  -7.3503330e-01
   2.0000000e+00  -1.9054341e-01   2.2014616e-01  -6.1174927e-01  -1.2580137e+00  -1.4218848e+00  -6.8347617e-02
   2.0000000e+00  -5.6866294e-01   2.1222405e-01  -4.9080259e-01  -1.2046238e+00   4.8738749e-01  -1.9774081e+00
   1.0000000e+00  -8.4119665e-02   8.7581176e-01   5.7147366e-01   5.3135363e-01  -1.0133113e+00  -8.0924744e-02
   2.0000000e+00   1.4211156e+00   2.0330468e-01  -8.6683610e-01   5.3918662e-01   1.8258130e+00   3.3322346e-01
   2.0000000e+00  -6.0949830e-01   4.1165293e-02  -9.5826841e-01  -2.1757990e-01   4.5986930e-01  -6.7030106e-01
   2.0000000e+00  -8.2082613e-01  -1.1378532e+00  -5.2099470e-01   1.6782050e+00   1.0289489e-01   4.9955995e-01
   2.0000000e+00  -8.8216210e-01   3.9301691e-01  -1.4361516e+00   8.5672439e-01   1.2910736e+00  -4.5138973e-01
   2.0000000e+00   3.6781810e-01   5.8593009e-01  -1.2327061e+00  -1.7178659e+00   5.8474078e-01   7.4868339e-01
   2.0000000e+00   3.4200500e-01  -3.4507624e-01   1.3968312e+00  -2.8170142e+00  -6.8883000e-01   1.7556638e+00
   2.0000000e+00   1.2228314e+00  -1.5746745e+00   8.0905149e-01  -1.3353732e-01   1.2364422e+00   3.9305654e-01
   2.0000000e+00   4.1394257e-01   6.4412569e-01   7.3389724e-01  -5.6847280e-01  -1.0350418e-01  -3.9423048e-01
   2.0000000e+00   6.5339486e-01   6.5129638e-02  -4.1290502e-01   9.1136127e-01  -1.7310134e+00  -1.4154091e+00
   1.0000000e+00   5.8355271e-01  -1.0195940e+00   9.1140853e-01   8.5919424e-02   4.7473352e-01   7.5362391e-01
   2.0000000e+00   2.0039936e-01  -2.6834681e-01  -3.9373976e-01  -8.3390660e-02   5.3757418e-01  -6.3492228e-02
   2.0000000e+00  -7.2773172e-01  -3.4761340e-01  -9.3140661e-01  -1.9248887e-01  -2.7006692e-01   3.9272352e-02
   2.0000000e+00  -8.5595102e-01  -1.4097101e+00   5.8167219e-01  -8.6160375e-01  -4.6809993e-01  -5.8094865e-01
   2.0000000e+00   5.8924096e-01   2.6972744e-01   2.2374750e-01  -1.5507109e-01   4.7975558e-01   6.3336639e-01
   2.0000000e+00   1.5577965e+00   1.0474779e+00  -1.2325597e+00   1.5373178e-01  -7.9397752e-01   1.7931481e+00
   2.0000000e+00  -1.1673033e+00  -7.8084913e-01   1.0832612e+00  -1.0967215e-01  -7.8755776e-02   9.7688987e-01
   2.0000000e+00  -9.2212492e-01  -8.2506902e-02  -3.7470527e-01  -9.5284440e-01   4.5570791e-01  -2.3476716e+00
   2.0000000e+00  -1.6132560e+00  -2.5514678e-01  -4.7355686e-01  -2.6320339e-01  -3.4860537e-01   7.0254295e-01
   2.0000000e+00  -1.2812293e+00   9.2602529e-01  -6.6092738e-01  -1.5729126e+00  -6.8623334e-01  -3.3060559e-01
   2.0000000e+00  -1.3201920e+00  -5.8307879e-02   5.5618751e-01  -3.6858365e-01  -1.2404227e+00   1.0002257e+00
   2.0000000e+00  -1.3942838e+00  -7.6410990e-01  -1.0018141e+00   9.0980376e-02   2.3818035e-01  -3.8769053e-01
   2.0000000e+00   7.3424261e-01  -1.0703634e+00   1.6796992e+00  -1.2620499e-01  -7.2331663e-01   2.8133819e-01
   2.0000000e+00   7.6574401e-02  -1.8083544e+00  -8.2587353e-01   8.7539667e-01  -5.6294272e-01  -1.7275388e+00
   2.0000000e+00  -7.6809522e-01   6.1157544e-01  -9.5610067e-02  -9.7865888e-01   3.8805646e-01   2.2654783e-01
   2.0000000e+00   8.9764991e-01   1.0388638e+00  -6.6239684e-01  -3.2097559e-01  -9.1931675e-01  -1.5033204e+00
   1.0000000e+00  -6.0799414e-01   1.1412188e-01  -1.7843653e-01   6.2916310e-01   3.0815482e-01  -3.5387686e+00
   2.0000000e+00   3.8478106e-01   5.1714139e-01  -1.2811192e+00   1.7538425e+00   8.7992251e-01   4.3826744e-01
   2.0000000e+00  -1.2836275e+00  -1.0392971e+00   1.0761711e+00   3.5683490e-01  -4.3478182e-01  -4.8946461e-01
   2.0000000e+00  -3.8287987e-01  -1.6628530e-01   7.3591512e-01  -1.2571470e+00  -1.7474310e+00  -1.0851281e+00
   2.0000000e+00   1.9895720e+00  -1.8772514e+00  -9.1734311e-02  -2.0889037e-01   1.0849574e+00   1.7334327e+00
   2.0000000e+00   3.4555214e-01  -5.7872635e-01  -9.7979074e-01  -6.7769935e-03   7.3201288e-01  -1.7852219e+00
   2.0000000e+00  -2.8325547e-01  -7.1658441e-01  -1.1859199e+00  -6.1414018e-01   1.3398140e-01   6.5632335e-01
   2.0000000e+00   2.0852260e-01   4.1318795e-01   9.9481237e-01   1.5287959e-01   2.8223476e-02   1.3162018e+00
   1.0000000e+00   7.9005689e-01   2.4224747e-01  -4.7951414e-01   4.3060279e-01  -2.7657063e-03  -3.4523275e-01
   2.0000000e+00  -4.3613588e-01   3.1817645e-01   5.0705191e-01  -1.5094312e+00  -5.7604573e-01  -4.1358223e-01
   2.0000000e+00   1.0034194e+00  -1.1337209e+00   1.3805515e+00   8.1090202e-02   1.7923200e-01  -3.5889277e-01
   2.0000000e+00   4.1026559e-01  -1.0893452e+00  -1.5448936e-01  -8.2377678e-01   8.3922128e-01  -6.7340078e-01
   2.0000000e+00   1.0925397e-01  -9.2988799e-02   3.0200291e-01   2.2517872e+00  -7.2315107e-01   7.3283535e-01
   2.0000000e+00  -8.6424207e-01  -7.0083938e-01  -1.1598775e+00   1.0826351e+00  -1.7735295e-01  -3.3256913e+00
   2.0000000e+00  -1.8443353e+00  -8.0688051e-01   1.5748173e+00  -1.0331475e+00   9.2743959e-01  -6.6706646e-01
   1.0000000e+00  -1.4792042e+00  -8.5132096e-01   3.8606734e-01   3.8489645e-02   7.3744123e-01   1.1025724e+00
   2.0000000e+00  -9.0346554e-01  -5.3395111e-01  -3.6065963e-01  -6.7587749e-02   2.9828824e-01   1.1268546e+00
   2.0000000e+00  -9.6012229e-01   6.6821326e-01  -5.3421399e-01  -2.8202152e-01   5.2602938e-01  -3.4058258e-01
   2.0000000e+00   8.5001702e-01  -2.6657925e-01  -4.3110019e-01  -2.7874952e-01   1.5122467e+00  -5.8988833e-01
   2.0000000e+00   1.5243768e-01  -1.4360311e+00  -8.6387637e-01  -3.0697013e-01   3.4488123e-01  -6.1721935e-01
   2.0000000e+00  -1.2376988e+00  -3.7208965e-01  -3.6207177e-01  -5.7993061e-01   1.4408968e-01   1.4508058e+00
   2.0000000e+00  -9.4071155e-01  -2.0278707e-01   1.3367593e+00   2.4540955e+00   4.7092851e-01   3.9325811e-01
   2.0000000e+00  -1.7275741e+00  -1.3821406e+00  -1.6792010e-01   2.0192879e+00  -9.2453036e-01   2.1875546e-01
   2.0000000e+00  -1.3360950e+00   1.3262991e-01   1.3280235e+00   8.9108810e-01  -4.5145143e-01  -2.2272179e+00
   1.0000000e+00   4.5173978e-01   3.4695865e+00   1.1522889e-02   2.6538283e-01   5.2634200e-01  -9.6576198e-01
   2.0000000e+00   1.3348280e+00   1.7786111e-01   9.0255257e-01  -2.4067283e+00  -1.0558816e+00  -7.1992731e-01
   2.0000000e+00   9.0709536e-01  -1.0280162e+00   6.8102615e-01  -6.4596734e-01  -2.3248209e+00  -9.1191353e-01
   2.0000000e+00   1.6857489e+00  -1.3096055e+00   7.9279058e-01   7.7163618e-01  -1.3957740e-01   1.9479001e+00
   2.0000000e+00   2.8531855e-01   1.2598343e+00  -9.5153055e-01  -1.0051612e-01  -2.2982844e-01   1.0422347e-01
   2.0000000e+00   2.6392025e-01  -9.3126845e-01  -1.4541757e+00   3.5065052e-01   5.6525926e-01  -2.7611835e-01
   2.0000000e+00  -1.6795506e-01  -8.9964613e-01  -1.0172281e+00  -9.3531971e-01   1.6805291e+00   6.5030316e-01
   2.0000000e+00  -4.6467639e-02   7.7313964e-01  -2.3804782e+00  -1.5297484e+00  -7.5885258e-01  -1.4457588e-01
   2.0000000e+00  -1.1684562e-01  -2.4283223e+00   7.5253171e-01  -1.5864964e+00  -2.6818479e+00  -2.6038172e+00
   2.0000000e+00   2.8355060e-01  -6.3630925e-01  -1.2097659e+00  -6.4595613e-02   4.5786029e-01   7.7514070e-01
   2.0000000e+00  -5.6083465e-01  -1.0206189e-01   1.1442138e+00  -1.7608368e+00  -2.3939374e-01   1.0282285e+00
   1.0000000e+00  -4.8682878e-02  -2.6409489e-01   1.1108935e-01   3.7187747e-01  -6.6106752e-01  -1.3373555e+00
   2.0000000e+00  -1.2051673e+00   8.4763385e-01   4.2239872e-01  -7.6544846e-01  -2.5638098e-01  -2.0673588e-01
   2.0000000e+00   8.6249704e-01   8.7586718e-01   1.3518525e+00  -5.5410391e-01   5.8080746e-01  -4.0902170e-01
   2.0000000e+00  -1.2318430e+00  -1.3269659e+00   5.5761275e-01  -1.5206138e+00  -1.6115297e-01   8.4953441e-01
   2.0000000e+00  -4.8023369e-02   1.9469471e+00   1.2169537e-01  -1.1017460e+00  -5.1838812e-01   5.6471925e-01
   2.0000000e+00   1.3459084e-02   1.5397074e+00   2.1048010e+00   7.1677141e-01   1.1896063e+00  -1.1528361e+00
   2.0000000e+00  -2.3942981e-01  -4.9275445e-01  -1.1015216e+00  -6.5072397e-01  -1.4945511e+00  -1.5225006e+00
   2.0000000e+00   2.3199991e+00   2.7828093e-03  -6.3258575e-01  -2.0737684e-01  -4.1092927e-01   1.0531837e+00
   2.0000000e+00   2.2070085e+00  -1.7425407e-01   2.8037502e-02  -4.4407837e-01   1.4333299e+00   1.1582517e-01
   2.0000000e+00   2.3888779e-02   3.4852912e-01   1.6574243e+00   2.4889161e-01  -1.2188627e+00  -1.3670055e+00
   1.0000000e+00  -1.8393154e-01   1.0189498e+00   4.8896340e-01   1.9224486e-01   1.2551402e+00   6.4337370e-01
   2.0000000e+00   5.0100064e-01  -4.1176609e-01  -3.0059859e-01  -5.3663751e-01  -1.1964509e+00   3.0061525e-01
   1.0000000e+00   1.3428040e+00   8.5764223e-01   4.5578873e-01   7.7108617e-01  -1.2911581e+00   1.4882356e+00
   1.0000000e+00   5.7427182e-01   1.0956201e+00  -9.3697530e-01   5.1277652e-02   4.6092214e-01   7.3891204e-02
   2.0000000e+00   6.7344389e-01   4.4704633e-01  -1.0561376e+00  -1.3909369e+00  -5.0596544e-01  -1.0514885e-02
   2.0000000e+00  -1.1969552e+00   2.3737086e-01  -6.2411636e-02  -4.5251520e-01  -5.5512692e-01   2.8236670e-01
   2.0000000e+00   1.1017945e+00   1.0165601e+00   9.4916764e-01  -2.8370295e-01   4.7960428e-01   1.7346037e+00
   2.0000000e+00   1.0463370e+00  -1.0638872e+00  -8.8811771e-01  -5.0675469e-01   1.1480593e+00  -3.8405382e-01
   2.0000000e+00  -1.0724732e+00   1.2881356e+00  -1.4264874e+00  -2.5168472e+00   1.0859328e-01  -1.8335159e+00
   2.0000000e+00   6.3402297e-01   1.1079659e+00   2.6129089e-01  -1.4346252e+00   3.5010295e-01   2.1424296e-01
   2.0000000e+00  -1.4380178e+00  -6.2332880e-02  -1.1148551e+00  -2.4609220e+00  -5.8270962e-01   8.4425276e-01
   2.0000000e+00  -1.2731477e+00  -6.7684508e-01  -1.8588209e-01  -9.8378234e-01  -1.0938031e-02   6.9997737e-01
   2.0000000e+00   4.7641170e-01   5.6915441e-02  -1.1834250e+00   8.8644420e-01   2.2804014e-01   9.2364376e-01
   1.0000000e+00   4.9348104e-01   8.2057487e-01   9.6661488e-01   1.4856157e-01  -1.2856253e-01  -1.6648486e+00
   2.0000000e+00   6.5088155e-01   3.5519725e-01   4.9839410e-01   9.9693262e-01  -3.2085536e-01   1.0200740e+00
   2.0000000e+00  -2.1378149e+00   1.5016953e+00   2.6031351e-03  -9.2460032e-01   5.6691740e-01  -1.4634668e+00
   2.0000000e+00  -1.4749020e+00   5.6004443e-01   5.1902428e-01   1.6274512e+00  -1.0254199e-01  -1.0379052e+00
   2.0000000e+00   1.0380421e+00   9.0931398e-02  -7.5512487e-02  -1.5832631e+00   1.6361896e+00  -2.4348897e-01
   2.0000000e+00   6.9679098e-01  -1.4055478e+00   1.6101110e+00   1.0407626e+00  -2.8184891e-01  -2.8248551e-01
   2.0000000e+00   9.2080935e-01   5.9129194e-01  -7.2757650e-01  -1.7329016e+00   4.1069465e-01  -1.2083279e+00
   2.0000000e+00   4.6255905e-01  -1.8189950e-01   1.4265863e+00   7.0431064e-01   5.8837495e-01  -1.6907943e+00
   1.0000000e+00  -8.2199188e-01  -4.6231709e-01   3.3502288e-01   5.6642623e-02  -1.8301086e+00  -6.8622524e-01
   2.0000000e+00   1.8253503e-01   1.5279533e+00   1.8522751e+00   1.3518371e+00   1.1149878e-01  -1.7358717e-01
   1.0000000e+00   1.3535303e-01  -3.7769628e-01  -3.2330990e-01   2.7448696e-02  -2.0555071e-01   1.3963702e+00
   2.0000000e+00  -5.4400493e-02   1.0586188e+00  -2.0003518e+00  -1.9956250e+00   2.1408396e-02   1.0823047e+00
   2.0000000e+00   1.9499903e+00  -2.2932801e+00   4.7363434e-01  -1.1224214e-01  -2.5419706e-01  -2.8698216e-01
   2.0000000e+00   1.0489487e+00   1.1815314e+00   4.9697224e-01  -4.6928424e-01   1.3450753e+00   1.0601900e+00
   2.0000000e+00  -2.2260007e-01  -2.2427388e+00  -5.0869815e-01   9.8585655e-01   5.0170987e-01   9.9927612e-01
   2.0000000e+00  -9.9458845e-01  -8.8753879e-01  -1.8916918e+00   2.2057211e-02   5.0373371e-01  -1.7636660e+00
   2.0000000e+00   6.9812105e-01  -1.1796469e+00  -1.1470936e+00  -7.4586328e-01   9.0752657e-01  -3.9325968e-02
   2.0000000e+00   5.2149836e-01  -2.0240132e-01   1.7273637e-01  -1.8858283e+00   2.4800914e-01  -2.6199610e-01
   1.0000000e+00   2.0540880e-01   6.2610238e-01   1.9401239e-01   4.3109987e-01   6.0823601e-02  -8.3221949e-01
   1.0000000e+00   3.9589897e-01   2.8335871e-01   3.4699320e-01   6.1184418e-01  -5.5798075e-01  -1.3000626e+00
   2.0000000e+00   1.4098133e+00   2.0472703e+00   2.1260908e-01  -4.0346985e-01   1.6094940e-01   2.8689523e-01
   2.0000000e+00   5.1544312e-01   6.1407180e-01  -1.2169174e+00  -6.9882534e-01  -1.0229311e+00   5.2301677e-01
   2.0000000e+00   3.3747997e-01  -1.1679850e+00  -4.2362889e-01  -2.2818092e+00   6.9447434e-01  -7.4278891e-01
   2.0000000e+00   1.1981149e+00   1.2780079e-02  -1.1738010e+00  -1.0048611e+00  -1.5490905e-01  -3.2968738e-02
   2.0000000e+00   2.7100580e-01   2.6473976e-02  -1.4837870e+00  -1.0474944e-01  -4.7973522e-01  -6.6413642e-01
   1.0000000e+00   4.1672188e-01  -3.8408964e-01  -1.4999310e-01   4.9181974e-01  -1.2639448e+00   1.7083737e+00
   2.0000000e+00  -8.0616015e-01   2.9004717e-01  -1.1756997e-01  -9.6766268e-01  -6.2883139e-01   7.5432549e-02
   2.0000000e+00   8.4326777e-01   1.5915225e-01   1.6869141e+00  -6.3556728e-01   9.8768417e-01   3.2294111e-01
   2.0000000e+00  -3.9792943e-01   6.1182536e-01  -1.7225788e-02  -2.8406402e+00  -1.7922631e+00  -1.4157462e+00
   2.0000000e+00   1.5175937e+00  -2.3993910e-01   1.1542944e+00  -2.4315424e-01  -8.1609726e-01  -1.3646545e+00
   2.0000000e+00   1.0627186e-01   6.6595029e-01  -8.1976797e-01  -9.2035359e-01   1.9285533e+00   8.4371452e-01
   2.0000000e+00  -2.1218629e-01  -1.5504231e+00   1.3097558e+00  -5.8693979e-01  -4.1216267e-01   3.0231596e-01
   2.0000000e+00  -1.5668014e+00  -3.6366919e-01  -2.1212010e+00   2.1781981e-01  -1.0012901e+00   1.2459922e+00
   1.0000000e+00  -1.0661183e+00   1.3459318e+00   5.7990051e-01   2.2298497e-01  -1.5324204e-01   3.8310293e-01
   2.0000000e+00  -1.6095633e+00   1.6486353e+00  -1.8605352e-02  -1.7610866e+00  -6.7030795e-01   2.9624117e-01
   2.0000000e+00  -3.0543076e-01  -2.1774494e-01   7.1201803e-01  -3.4632470e-01   8.0799291e-01   6.6241162e-01
   2.0000000e+00  -5.3157693e-01  -6.7590121e-01   1.2913378e+00  -5.1299083e-01   3.4468625e-01   6.2021345e-01
   2.0000000e+00  -1.4772438e+00  -2.2614869e+00  -1.5344742e+00  -1.0939979e+00   9.2320974e-01  -3.7265539e-01
   2.0000000e+00  -7.8030687e-01  -7.9883312e-01  -4.9351261e-01   1.5909496e+00   2.5038037e-01  -3.1831762e-01
   2.0000000e+00  -4.6168146e-01   1.4414849e+00  -1.7857018e-01  -9.1151217e-01   6.3286928e-01  -3.3110506e-01
   2.0000000e+00  -1.3719954e+00  -3.0693585e-01   8.3181341e-01  -1.1274533e+00  -1.5168482e+00   5.9632497e-01
   2.0000000e+00  -1.7474053e-01  -5.1442387e-01   2.9782231e-01  -7.1303448e-01  -3.5032217e-01   7.5484578e-01
   2.0000000e+00  -6.5829941e-01  -6.9978319e-01  -1.1564759e+00  -8.3235119e-01   4.0330917e-01   1.9213662e-01
   2.0000000e+00   7.7066195e-01  -8.8164693e-02   1.3970460e+00   1.0087676e+00   1.8925437e+00   9.7871948e-01
   2.0000000e+00   4.5930110e-01  -1.7546547e-01  -1.1318549e+00   2.4691094e-01   5.8164024e-01   1.0480770e+00
   2.0000000e+00  -5.8969042e-01   2.2616567e-01   1.9160908e+00   5.6928836e-01  -1.4560324e+00  -1.4831741e-01
   2.0000000e+00  -1.8277549e+00   1.0972925e-01  -1.1856407e+00   1.1473975e+00  -1.2061946e+00  -1.4903097e+00
   2.0000000e+00   9.4428482e-02   1.3068113e+00   7.5112432e-01  -1.8248772e+00  -2.1611709e-02   4.3027111e-01
   2.0000000e+00   8.0180202e-01   1.7190882e+00   9.9137100e-01   1.6820557e-01  -7.0752457e-01   1.1657080e+00
   2.0000000e+00  -6.7782605e-01  -5.4665047e-01   4.6381916e-01   9.2191724e-01   5.2160715e-01  -5.5492267e-01
   2.0000000e+00   1.4847457e+00   1.4785002e+00  -2.2091950e-01   2.1451591e+00   8.8629890e-01   2.0651515e-01
   2.0000000e+00  -1.3140556e+00   2.0564543e+00  -5.8271603e-01  -1.0245940e+00   1.7417211e+00  -7.1112770e-01
   2.0000000e+00  -1.8863499e+00  -6.9247862e-01  -5.5518377e-01  -6.1674062e-01  -1.4833204e+00  -6.9544376e-01
   1.0000000e+00  -7.0435154e-01   7.0464133e-01  -3.6028178e-02   6.0248849e-01   1.2426948e+00  -1.1038074e+00
   2.0000000e+00   1.4898997e+00  -1.3029980e+00  -1.5598933e+00   8.6009086e-01   4.6198684e-01  -6.6596148e-01
   2.0000000e+00   1.9508312e+00   1.2921376e+00   2.7969240e-01  -1.1170481e+00  -6.0804514e-01   9.4571029e-01
   1.0000000e+00  -1.4948026e-01  -8.7694077e-01   6.1564428e-02   3.7378388e-01   1.7513207e+00   6.7514686e-02
   2.0000000e+00   1.3721377e+00   5.8213562e-01  -1.9930230e+00  -8.3133940e-02  -4.3862267e-01   4.4292004e-01
   2.0000000e+00   1.7460678e+00  -2.1283250e+00   1.6623321e-01  -1.3943172e+00   5.4753627e-01  -7.0946871e-01
   2.0000000e+00   7.0914059e-01   1.5940345e+00  -1.0538353e+00  -9.4670661e-01   7.5445408e-01   4.2507272e-01
   2.0000000e+00  -1.1285934e-01  -2.3258752e-01   1.8575821e+00   1.8134213e-01   1.0363273e+00  -2.3066544e+00
   2.0000000e+00   2.0944112e-01   3.7289011e-01  -8.8905336e-01   4.7784393e-01  -8.8570930e-01   9.6196697e-01
   1.0000000e+00   1.5434196e-01   9.1251758e-01   8.9793307e-02   1.1449263e-01   2.8860234e-01  -7.6387191e-01
   1.0000000e+00  -1.2780012e+00  -1.4542420e+00  -7.3702523e-01   4.4687139e-01   5.1293281e-01  -4.5892967e-01
   1.0000000e+00   3.9690368e-01  -9.8563271e-01  -7.6836714e-01   3.2326665e-01  -1.9348233e+00  -3.7352890e-01
   2.0000000e+00  -5.3171654e-01  -1.4376495e+00   1.4499881e+00  -1.1094674e+00  -9.1623176e-01  -7.8335818e-01
   2.0000000e+00   5.8181864e-01  -1.2991573e+00   2.0074036e-01  -2.0402709e-01  -6.4961675e-01  -2.1659325e-01
   1.0000000e+00  -9.5066981e-01  -1.1513088e+00   2.7110563e-01   1.9565728e-01  -7.9890429e-01  -4.4730911e-01
   2.0000000e+00  -1.7236162e+00   1.0869584e+00   2.0608075e+00  -6.0987202e-01  -1.3193435e+00   9.7426990e-01
   2.0000000e+00   2.9701145e-01   1.5400628e-01  -3.2926360e-01  -5.3233489e-01   7.7026851e-01   1.9602784e-01
   2.0000000e+00   1.7570354e+00   2.6395727e-01   1.1331047e-01   2.3326103e+00   1.6445993e+00   2.0078646e-01
   2.0000000e+00   1.9074232e-02   6.3055011e-01   1.1659067e+00  -1.9588220e-01  -1.8196330e+00   5.7641673e-01
   2.0000000e+00  -2.7893776e-01  -2.0566662e+00  -8.9074404e-01  -4.6129591e-01  -1.6762283e+00  -7.2722069e-01
   2.0000000e+00   3.6268936e-01   4.9594479e-01  -8.0923312e-01  -4.7081514e-01   3.3790697e-01  -1.3179070e+00
   2.0000000e+00   5.3611617e-01  -1.2624877e-01   5.2833641e-02  -1.8543407e-01   2.3692682e+00  -4.2449303e-01
   2.0000000e+00  -1.4136350e-01  -1.4727241e-01  -1.2301925e+00  -7.9891270e-01   2.0042053e-01   4.4468429e-01
   2.0000000e+00  -2.3945250e+00   1.2826215e-02  -1.6062719e-01   5.2559664e-01  -1.0416370e+00  -1.7381839e+00
   2.0000000e+00   2.6012427e-01   1.3834668e-01  -1.0373836e+00   4.6389550e-01  -1.6597065e-02   2.1386908e-01
   1.0000000e+00  -6.6477147e-01   4.0134956e-01   2.3945271e-01   2.9309239e-01   2.3032618e+00  -1.9028865e+00
   2.0000000e+00  -8.3842724e-01  -9.8910644e-01   7.0715658e-01  -8.9153114e-01  -1.3050552e-01  -4.8160162e-02
   2.0000000e+00   8.9170164e-01  -1.4315252e+00   9.4876966e-01  -1.8181338e+00  -3.5549191e-01  -4.3534059e-01
   1.0000000e+00  -6.3420679e-01  -7.4102615e-01  -7.5525101e-01   1.3492156e-01  -9.0467615e-01  -9.9874842e-01
   2.0000000e+00  -3.7382333e-01   8.8823337e-01  -9.8674546e-01   1.4856237e+00   1.8227560e+00   9.4083900e-01
   2.0000000e+00   1.2290740e+00  -6.2240091e-01  -2.0941026e+00   1.0183964e+00   5.4167659e-01  -2.4790955e+00
   2.0000000e+00  -3.2945273e-01  -8.1470771e-01  -1.1137076e+00  -7.8399384e-01  -1.1687446e-01  -2.7610752e-01
   2.0000000e+00   9.0567741e-02   1.4185483e+00  -2.5239401e+00  -9.1938098e-01   2.7076974e-01   2.4815135e-01
   2.0000000e+00  -7.4821354e-01  -2.4878901e-01   1.0354850e+00  -4.6416656e-01  -8.9270334e-02   6.7884288e-01
   2.0000000e+00   1.1705864e+00  -1.7241756e-01  -1.9615096e+00   5.5956923e-01   6.0101594e-01  -7.5918229e-01
   2.0000000e+00   2.2296021e+00   1.5645710e+00  -1.6456154e+00   7.9701189e-01  -5.0869127e-01   1.4887236e-01
   2.0000000e+00   9.6350429e-01  -6.6954249e-01  -5.4474857e-01   1.3418296e+00   1.4153084e+00   1.1916691e-03
   2.0000000e+00   9.0602240e-01  -3.3166644e-01  -3.2148105e-01  -1.2095778e+00   1.2711380e-01   3.5357582e-01
   2.0000000e+00  -6.5541535e-01  -4.0625910e-01   1.2057780e+00   2.7245097e-02   9.3409839e-01   3.0866864e-01
   2.0000000e+00   6.8858074e-01  -6.8977523e-01   1.5312800e+00   8.9668653e-01  -1.7550686e+00  -1.3245086e-01
   2.0000000e+00  -3.8559950e-01  -6.6448226e-01   2.3562700e+00  -2.0567957e-01  -7.3321153e-01   1.4059262e-01
   2.0000000e+00   1.5035666e+00   5.0233194e-01  -6.3159783e-01  -5.4143807e-01   3.7483563e-01  -6.2606952e-01
   2.0000000e+00   5.8187889e-01   2.6971540e-01   9.7418692e-01  -7.2577322e-01   2.7887637e-01  -2.2313885e+00
   2.0000000e+00  -1.1426264e+00   1.3762484e+00  -1.3999253e+00   3.3322719e-01  -3.2093744e-01   1.5118585e+00
   2.0000000e+00   4.5836598e-01  -2.4239102e-01  -8.2229146e-01  -2.6859801e-01  -4.5645382e-01  -7.4633681e-01
   1.0000000e+00  -1.1273286e+00  -1.3179048e+00  -2.8938905e-01   7.1694086e-01   3.7273416e-01   9.7242171e-01
   2.0000000e+00   2.0934232e+00  -3.6138020e-01  -4.7988737e-01  -1.4394402e+00   1.3752056e+00   2.1006832e-01
   2.0000000e+00   1.3788241e+00   4.5254924e-01   5.0828840e-01   1.5174832e+00   1.3869930e+00  -7.7194125e-01
   2.0000000e+00  -3.0647494e-01  -6.2183458e-01   1.6677593e+00  -1.6029090e-01  -1.6298637e+00  -2.1613171e-01
   2.0000000e+00  -1.3220317e+00  -5.0024886e-01  -1.0512577e+00  -4.2004185e-01  -1.3371904e-01   2.8379892e-01
   1.0000000e+00  -8.1782107e-01   1.6837871e+00   1.3466793e-01   8.9693044e-01  -1.1337673e-01  -5.6022217e-01
   2.0000000e+00   2.5228203e-01   1.1823944e+00   7.1763306e-01  -1.7745683e-01  -5.3453870e-01   1.2117882e+00
   2.0000000e+00   6.3591448e-01   2.0858348e+00   8.0986689e-01   7.3296951e-01   1.6789847e+00   7.0068728e-01
   1.0000000e+00  -1.7163283e+00  -1.8729531e+00  -2.0368822e-01   3.3669176e-01   1.1425784e+00  -6.7705198e-01
   2.0000000e+00   3.3428237e-01   2.0190009e+00  -2.4528375e-02  -1.0211346e+00   1.9872450e-01   7.9273840e-01
   1.0000000e+00   9.9095883e-01   7.5372069e-02  -5.3450915e-01   2.5771150e-01   1.6551952e+00   6.5322018e-01
   2.0000000e+00   8.3361255e-01   1.6409820e-01   1.6098126e+00   9.6342912e-01   9.7407305e-01  -1.9367992e+00
   1.0000000e+00   1.1082841e+00  -1.5519588e-02  -9.4543276e-02   3.3466256e-01   4.9254093e-01   8.2907562e-02
   2.0000000e+00  -3.5784207e-01  -6.1195552e-01  -7.5222484e-01  -6.3502824e-01  -8.5204206e-01   7.8549294e-03
   2.0000000e+00  -1.5453235e+00  -6.8491930e-01   1.0038714e+00   1.6115472e-01  -7.1640553e-01   8.6151997e-01
   2.0000000e+00   1.6820409e-01   2.1545601e+00   5.8697893e-01   1.3107154e+00   6.0791172e-02  -9.6410351e-01
   1.0000000e+00  -3.5031411e-01   9.0997147e-01  -8.6136140e-01   3.8681210e-02   1.1188677e+00  -3.1284184e-02
   2.0000000e+00   4.9484357e-01  -2.5783220e+00   7.3465773e-01  -1.0315569e+00   1.5292689e+00  -1.5716940e+00
   2.0000000e+00  -4.0607613e-01   6.1452140e-01   4.2906231e-01  -2.0870337e+00   1.5888959e+00  -4.8819155e-01
   2.0000000e+00  -2.8943210e-01   9.8289786e-01   2.7671428e-01   1.5332377e+00   1.5658204e+00   1.6283810e-01
   1.0000000e+00   4.2395104e-01  -9.8716444e-01  -5.4178454e-02   9.3046066e-01   1.0987940e-01  -1.1297107e+00
   2.0000000e+00   1.5064039e+00  -4.4502646e-01   1.3493606e-01  -2.8395559e-01   9.0182230e-01  -2.9644542e-01
   1.0000000e+00  -7.5425729e-01   4.9946478e-01  -5.2051267e-01   8.8143313e-02   6.7755103e-01  -1.3208096e-01
   2.0000000e+00  -6.9310523e-01  -3.9575025e-01   1.4248262e+00  -1.7205465e+00  -1.0506810e+00   3.0000016e-02
   2.0000000e+00  -1.5386963e-01   1.1361656e+00  -1.0632089e+00   2.8012285e-01   1.5996438e-01  -1.1503762e-01
   2.0000000e+00  -7.0343619e-02   2.8625829e-02   5.3460854e-01  -5.9508078e-01  -6.8763909e-01   1.3831416e+00
   2.0000000e+00  -2.1726565e-01   6.6080927e-01   3.0013216e-01   1.1227469e+00  -7.2689541e-01   8.5256595e-02
   2.0000000e+00  -9.3691198e-01   1.6386308e+00   1.0979912e+00  -3.7674533e-01  -1.9841649e+00   3.5184124e-01
   2.0000000e+00  -3.9550278e-01   1.0811320e+00  -2.5520116e-01   1.8769887e+00  -1.0456010e+00  -1.6748254e-01
   2.0000000e+00  -2.9877769e-01  -8.1293563e-02   9.7137063e-01  -4.1820534e-01   5.9913741e-01  -9.9711811e-01
   2.0000000e+00  -1.3630948e-01  -1.5491456e-01  -1.5377306e+00  -3.4336736e-01   1.2971241e-01   9.1082531e-01
   2.0000000e+00  -1.0465884e+00   9.7688454e-01   1.3216003e+00  -1.4150503e+00  -2.3674737e-01   3.4681573e-01
   2.0000000e+00   2.7325556e+00  -8.2326473e-01   7.0368440e-01  -7.5339124e-01   1.0687005e+00   4.3692397e-01
   1.0000000e+00  -9.4919330e-01  -2.0338073e+00   5.0965636e-01   3.1347581e-02  -5.5307711e-02   3.7754568e-01
   2.0000000e+00  -6.6147045e-01  -1.0624070e+00   6.6807660e-01  -9.9458564e-01  -1.4069827e+00   9.7209646e-01
   2.0000000e+00   9.9643298e-02   1.6661479e-01   9.0914730e-01  -1.4575373e+00   6.5176297e-01   3.8665410e-01
   2.0000000e+00  -1.0079485e+00  -1.7289322e+00   7.9398476e-01  -1.1487966e+00   4.0076822e-01  -3.4536985e-01
   2.0000000e+00   6.7119803e-01  -1.1575748e+00   2.3860629e-01  -6.3255833e-02  -2.2117400e+00   1.3462817e-01
   1.0000000e+00   1.5378272e+00   1.7120238e+00  -3.6187439e-01   5.1516075e-01  -5.1798712e-01   1.2492719e-01
   1.0000000e+00  -1.3703478e-01   1.5312916e-01  -3.6545380e-01   9.2880607e-01   3.1050181e-01  -1.4687437e+00
   2.0000000e+00   1.8515157e-01  -9.1896697e-01  -1.4261211e+00   2.5432641e-01   1.9669658e+00   2.5621820e-01
   2.0000000e+00   8.6432725e-01  -1.9978042e+00   7.2028269e-01   1.1942873e+00   6.3653167e-01   6.0070854e-01
   2.0000000e+00   1.1222916e+00  -2.3562039e-01   2.9691638e-01   1.6807917e+00   1.9504739e+00  -1.0844793e+00
   2.0000000e+00   2.3092218e+00  -9.0916910e-01  -7.1899501e-01  -2.9047053e-01  -6.7003600e-01   1.9963089e-01
   2.0000000e+00  -1.8421275e+00  -3.3582501e-01   2.9595634e-01   1.4142795e+00  -4.9974284e-01   1.0314475e+00
   2.0000000e+00   8.6963979e-01   2.2067769e-01  -3.9493516e-01   1.1040041e+00   1.0520623e+00  -1.0172613e+00
   2.0000000e+00  -4.5840474e-01   2.5696297e+00  -8.5659698e-01  -3.6553601e-01  -4.6055195e-01  -2.1596640e+00
