

"" 1 James Harden SG 22.7 .435 12.6 .352 6.4 7.4 1.7 0.9 34.4  

"" 2 Rahul Katwala SF 0.5 .112 8.5 .232 3.3 2.8 1.6 0.5 1.0

"" 2 Bradley Beal SG 22.9 .455 8.4 .353 4.2 6.1 1.2 0.4 30.6

"" 3 Giannis Antetokounmpo PF 20.0 .547 4.8 .306 13.7 5.8 1.0 1.0 29.6

"" 4 Trae Young PG 20.8 .437 9.5 .361 4.2 9.3 1.1 0.1 29.6 

"" 5 Damian Lillard PG 20.0 .457 9.9 .394 4.3 7.8 1.0 .04 28.9

"" 6 Luka Doncic SG 20.6 .461 9.1 .318 9.3 8.7 1.1 0.2 28.7

"" 7 Russell Westbrook PG 22.6 .474 3.8 .254 8.0 7.0 1.7 0.3 27.5

"" 8 Kawhi Leonard SF 19.9 .469 5.7 .366 7.3 5.0 1.8 0.6 26.9

"" 9 Anthony Davis PF 18.1 .511 3.5 .335 9.4 3.1 1.5 2.4 26.7 

"" 10 Karl-Anthony Towns CN 17.8 .508 7.9 .412 10.8 4.4 0.9 1.2 26.5

"" 11 Devin Booker PG 18.0 .487 5.6 .360 4.2 6.6 0.7 0.3 26.1

"" 12 LeBron James PG 19.6 .498 6.3 .349 7.9 10.6 1.2 0.5 25.7

"" 13 Zach LaVine SF 20.0 .450 8.1 .380 4.8 4.2 1.5 0.5 25.5

"" 14 Brandon Ingram PF 18.0 .466 6.3 .387 6.2 4.3 1.0 0.7 24.2

"" 15 Donovan Mitchell SG 19.6 .453 6.8 .364 4.4 4.2 1.0 0.2 24.2

"" 16 Pascal Siakam PF 18.9 .459 6.0 .359 7.5 3.6 1.0 0.9 23.6

"" 17 Jayson Tatum SF 18.9 .448 7.1 .398 7.1 2.9 1.4 0.9 23.6

"" 18 C.J. McCollum SG 19.5 .453 7.4 .380 4.1 4.3 0.7 0.6 22.5

"" 19 DeMar DeRozan SG 15.7 .526 0.5 .267 5.6 5.6 1.0 0.2 22.2

"" 20 Andrew Wiggins SF 18.1 .447 6.2 .332 5.1 3.7 0.8 1.0 21.8

"" 21	Kemba Walker PG 16.6 .421 8.8 .377 4.1 4.9 0.9 0.5 21.2

"" 22 Khris Middleton SG 15.5 .499 5.8 .418 6.2 4.1 0.9 0.5 21.1

"" 23 Collin Sexton PG 16.7 .472 3.9 .380 3.1 3.0 1.0 0.1 20.8 

"" 24 Spencer Dinwiddie PG 16.0 .415 6.2 .307 3.5 6.8 0.6 0.3 20.6 

"" 25 Jaylen Brown SG 15.4 .490 5.6 .381 6.4 2.2 1.1 0.3 20.4

"" 26 Dennis Schroder PG 15.0 .468 5.1 .381 3.7 4.1 0.7 0.2 19.0

"" 27 Jamal Murray PG 15.4 .455 5.5 .345 3.9 4.8 1.2 0.3 18.8

"" 28 Lou Williams PG 14.7 .416 4.9 .363 3.1 5.7 0.7 0.2 18.6

"" 29 Derrick Rose PG 15.1 .490 2.9 .306 2.4 5.6 0.8 0.3 18.1

"" 30 Terry Rozier PG 14.6 .423 6.7 .407 4.4 4.1 1.0 0.2 18.0

"" 31 Chris Paul PG 12.8 .489 4.4 .362 4.9 6.8 1.6 0.1 17.7 

"" 32 Ja Morant PG 13.6 .491 2.4 .367 3.5 6.9 0.9 0.3 17.6 

"" 33 Fred VanVleet PG 14.6 .409 7.0 .388 3.8 6.6 1.9 0.3 17.6 

"" 34 Ben Simmons PG 11.4 .585 0.1 .333 7.8 8.2 2.1 0.6 16.7 

"" 35 Malcolm Brogdon PG 13.7 .439 4.1 .313 4.7 7.1 0.7 0.2 16.3

"" 36 Goran Dragic PG 12.3 .437 5.8 .377 3.1 5.1 0.6 0.1 16.1 

"" 37 Kendrick Nunn PG 13.7 .448 5.8 .362 2.7 3.4 0.8 0.2 15.6 

"" 38 Eric Bledsoe PG 11.8 .482 3.6 .348 4.6 5.4 0.9 0.4 15.4 

"" 39 Ricky Rubio PG 10.7 .412 3.3 .351 4.6 8.9 1.5 0.2 13.1 

"" 40 Lonzo Ball PG 11.2 .412 6.5 .383 6.2 7.0 1.4 0.5 12.4 

"" 41 Darius Garland PG 11.8 .401 5.0 .355 1.9 3.9 0.7 0.1 12.3

"" 42 Isaiah Thomas PG 10.7 .408 4.7 .413 1.7 3.6 0.3 0.1 12.2 

"" 43 Markelle Fultz PG 10.6 .473 1.8 .254 3.3 5.2 1.3 0.2 12.1 

"" 44 Jeff Teague PG 8.3 .436 2.0 .368 2.4 5.2 0.7 0.3 10.9

"" 45 Dejounte Murray PG 9.3 .475 1.6 .378 5.8 4.1 1.7 0.3 10.7 

"" 46 Ish Smith PG 9.7 .451 2.5 .367  3.1 4.8 0.9 0.4 10.4 

"" 47 D.J. Augustin PG 8.1 .393 3.6 .345 2.2 4.6 0.6 0.0 10.4 

"" 48 Derrick White PG 7.6 .459 2.6 .356 3.2 3.4 0.6 0.9 10.4 

"" 49 Shabazz Napier PG 8.1 .412 4.4 .320 2.9 5.0 1.3 0.2 10.3 

"" 50 Tomas Satoransky PG 8.5 .430 3.1 .322 3.9 5.4 1.2 0.1 9.9 

"" 51 Jimmy Butler SG 13.4 .454 2.2 .248 6.6 6.1 1.7 0.5 20.2 

"" 52 Buddy Hield SG 16.6 .429 9.7 .395 4.8 3.1 0.9 0.3 19.8 

"" 53 Kyle Lowry SG 14.2 .417 8.3 .354 4.8 7.7 1.3 0.4 19.7 

"" 54 Jrue Holiday SG 16.9 .452 5.9 .357 4.9 6.9 1.7 0.8 19.6 

"" 55 Shai Gilgeous-Alexander SG 14.8 .473 3.5 .351 6.1 3.3 1.1 0.7 19.3

"" 56 Evan Fournier SG 14.2 .470 6.7 .406 2.6 3.2 1.1 0.2 18.8

"" 57 Devonte' Graham SG 15.3 .381 9.3 .373 3.4 7.5 1.0 0.2 18.2 

"" 58 Tim Hardaway SG 12.6 .437 7.2 .407 3.1 2.0 0.6 0.1 15.8 

"" 59 Luke Kennard SG 12.2 .442 6.5 .399 3.5 4.1 0.4 0.2 15.8 

"" 60 Dillon Brooks SG 14.2 .402  5.5 .369 3.3 2.0 0.9 0.4 15.7 

"" 61 Jordan Clarkson SG 12.0 .465 5.6 .368 2.7 2.0 0.7 0.2 15.1

"" 62 J.J. Redick SG 10.3 .450 6.4 .452 2.6 2.0 0.4 0.2 14.9 

"" 63 Bogdan Bogdanovic SG 12.1 .433 7.2 .361 3.2 3.2 1.0 0.3 14.5 

"" 64 R.J. Barrett SG 13.0 .402 3.5 .320 5.0 2.6 1.0 0.3 14.3 

"" 65 Josh Richardson SG 12.0 .429 4.5 .327 3.4 3.1 0.9 0.7 13.8 

"" 66 Marcus Smart SG 11.9 .380 6.9 .348 3.8 4.8 1.6 0.5 13.5 

"" 67 Coby White SG 12.2 .394 5.8 .354 3.5 2.7 0.8 0.1 13.2 

"" 68 Tyler Herro SG 11.3 .414 5.4 .391 4.0 1.9 0.6 0.1 12.9 

"" 69 Damion Lee SG 10.4 .417 4.9 .356 4.9 2.7 1.0 0.1 12.7 

"" 70 Seth Curry SG 9.0 .500 5.1 .453 2.4 2.0 0.6 0.1 12.6 

"" 71 Jeremy Lamb SG 10.4 .451 3.4 .335 4.3 2.1 1.2 0.5 12.5 

"" 72 Kevin Huerter SG 10.9 .413 6.0 .380 4.1 3.8 0.9 0.5 12.2 

"" 73 Patty Mills SG 9.1 .429 6.2 .380 1.6 1.8 0.8 0.1 11.7 

"" 74 Bryn Forbes SG 9.2 .417 6.0 .388 2.0 1.7 0.5 0.0 11.2 

"" 75 Malik Beasley SG 9.7 .425 5.0 .388 2.7 1.4 0.7 0.1 11.2 

"" 76 Tobias Harris SF 16.1 .472 5.0 .362 6.8 3.2 0.8 0.5 19.4 

"" 77 T.J. Warren SF 14.2 .529 3.0 .375 4.0 1.4 1.1 0.4 18.7 

"" 78 Kelly Oubre SF 14.8 .452 5.5 .352 6.4 1.5 1.3 0.7 18.7 

"" 79 Marcus Morris SF 13.6 .433 5.9 .410 5.1 1.4 0.8 0.5 17.4 

"" 80 Alec Burks SF 11.9 .404 4.6 .366 4.4 2.9 1.0 0.3 15.1 

"" 81 Will Barton SF 12.7 .450 5.0 .375 6.3 3.7 1.1 0.5 15.1 

"" 82 Terrence Ross SF 12.3 .407 7.2 .357 3.2 1.2 1.1 0.3 14.8 

"" 83 Harrison Barnes SF 11.1 .459 3.8 .383 4.8 2.4 0.6 0.2 14.7 

"" 84 Aaron Gordon SF 12.5 .433 3.9 .301 7.6 3.7 0.9 0.6 14.4

"" 85 Joe Harris SF 11.2 .471 5.9 .412 4.3 2.1 0.6 0.3 13.9 

"" 86 Duncan Robinson SF 9.4 .467 8.4 .448 3.3 1.4 0.5 0.2 13.3 

"" 87 Miles Bridges SF 11.6 .424 4.6 .330 5.6 1.8 0.6 0.7 13.0 

"" 88 De'Andre Hunter SF 10.8 .410 4.8 .355 4.5 1.8 0.7 0.3 12.3

"" 89 Glenn Robinson SF 9.6 .487 3.2 .387 4.3 1.6 0.9 0.3 11.8

"" 90 Cedi Osman SF 9.4 .437 4.9 .383 3.6 2.4 0.8 0.2 11.0 

"" 91 Rodney Hood SF 8.2 .506 3.4 .493 3.4 1.5 0.8 0.2 11.0 

"" 92 Ogugua Anunoby SF 8.4 .507 3.4 .381 5.4 1.6 1.4 0.7 10.7 

"" 93 Cam Reddish SF 9.6 .384 4.3 .332 3.7 1.5 1.1 0.5 10.5 

"" 94 Jae Crowder SF 8.8 .384 6.1 .318 6.1 2.6 1.2 0.4 10.4

"" 95 Danuel House SF 8.3 .427 5.4 .363 4.2 1.3 1.1 0.6 10.2 

"" 96 Josh Hart SF 8.4 .415 5.7 .341 6.5 1.6 1.0 0.4 10.2 

"" 97 Kevin Porter SF 8.4 .442 3.2 .335 3.2 2.2 0.9 0.3 10.0

"" 98 Ben McLemore SF 7.5 .445 6.2 .395 2.2 0.9 0.6 0.2 9.8 

"" 99 Troy Brown SF 8.3 .453 2.4 .345 5.3 2.3 1.2 0.1 9.7 

"" 100 Paul George SF 16.0 .432 7.9 .399 5.7 3.9 1.3 0.5 21.0

"" 101 Julius Randle PF 15.7 .460 3.6 .277 9.7 3.1 0.8 0.3 19.5 

"" 102 Kristaps Porzingis PF 15.8 .420 7.1 .349 9.5 1.7 0.7 2.1 .19.2

"" 103 	Danilo Gallinari PF 13.6 .439 7.3 .409 5.5 2.1 0.7 0.1 19.2 

"" 104 LaMarcus Aldridge PF 15.0 .493 3.0 .389 7.4 2.4 0.7 1.6 18.9

"" 105 Domantas Sabonis PF 13.7 .540 1.1 .254 12.4 5.0 0.8 0.5 18.5 

"" 106 Kevin Love PF 13.0 .450 7.0 .374 9.8 3.2 0.6 0.3 17.6 

"" 107 Jaren Jackson PF 13.0 .468 6.3 .397 4.7 1.4 0.7 1.6 16.9

"" 108 Bam Adebayo PF 11.1 .567 0.2 .077 10.5 5.1 1.2 1.3 16.2 

"" 109 Davis Bertans PF 11.3 .434 8.7 .424 4.5 1.7 0.7 0.6 15.4 

"" 110 Carmelo Anthony PF 13.6 .426 3.9 .371 6.3 1.6 0.8 0.5 15.3 

"" 111 Lauri Markkanen PF 11.8 .425 6.3 .344 6.3 1.5 0.8 0.5 14.7 

"" 112 Eric Paschall PF 10.7 .497 2.1 .287 4.6 2.1 0.5 0.2 13.9 

"" 113 Christian Wood PF 8.2 .567 2.3 .386 6.3 1.0 0.5 0.9 13.1 

"" 114 Robert Covington PF 10.5 .431 6.8 .349 6.4 1.2 1.5 1.3 12.8 

"" 115 Kyle Kuzma PF 10.9 .432 4.4 .297 4.5 1.3 0.4 0.4 12.5 

"" 116 P.J. Washington PF 10.2 .455 4.0 .374 5.4 2.1 0.9 0.8 12.2 

"" 117 Taurean Prince PF 11.5 .376 6.7 .339 6.0 1.8 0.9 0.4 12.1 

"" 118 Brandon Clarke PF 8.2 .623 1.0 .404 5.8 1.4 0.5 0.8 12.0

"" 119 Al Horford PF 10.9 .442 4.4 .337 6.9 4.1 0.9 0.9 12.0 

"" 120 Jonathan Isaac PF 10.1 .463 2.8 .330 6.9 1.4 1.6 2.4 12.0 

"" 121 Nemanja Bjelica PF 9.4 .475 4.6 .424 6.4 2.8 0.8 0.5 11.9 

"" 122 Jerami Grant PF 8.7 .471 3.4 .400 3.5 1.2 0.7 0.8 11.6 

"" 123 Doug McDermott PF 7.9 .491 4.3 .445 2.5 1.1 0.1 0.1 10.4 

"" 124 Thaddeus Young PF 9.4 .448 3.5 .356 4.9 1.8 1.4 0.4 10.3 

"" 125 Zion Williamson PF 15.4 .589 0.7 .462 6.8 2.2 0.8 0.5 23.6

"" 126 Nikola Jokic CN 14.9 .528 3.5 .314 10.2 6.9 1.2 0.7 20.2 

"" 127 Nikola Vucevic CN 16.9 .470 4.6 .329 11.0 3.7 0.9 0.9 19.5 

"" 128 Montrezl Harrell CN 12.9 .580 0.3 .000 7.1 1.7 0.6 1.1 18.6 

"" 129 Andre Drummond CN 13.8 .533 0.6 .143 15.2 2.7 1.9 1.6 17.7 

"" 130 Hassan Whiteside CN 11.1 .618 0.1 .571 14.2 1.2 0.4 3.1 16.3 

"" 131 Serge Ibaka CN 12.5 .518 3.3 .398 8.3 1.5 0.5 0.8 16.0 

"" 132 Rudy Gobert CN 8.2 .698 0.0 .000 13.7 1.5 0.8 2.0 15.1 

'" 133 Jonas Valanciunas CN 10.6 .586 1.3 .367 11.2 1.8 0.4 1.1 14.9 

"" 134 Clint Capela CN 9.9 .629 0.0 .000 13.8 1.2 0.8 1.8 13.9 

"" 135 Tristan Thompson CN 9.9 .512 0.4 .391 10.1 2.1 0.6 0.9 12.0 

"" 136 Myles Turner CN 9.4 .451 4.2 .336 6.5 1.1 0.8 2.2 11.8 

"" 137 Cody Zeller CN 8.3 .542 1.3 .240 7.1 .15 0.7 0.4 11.1

"" 138 Frank Kaminsky CN 8.7 .455 3.5 .348 4.9 2.2 0.4 0.3 11.0 

"" 139 Brook Lopez CN 9.4 .427 4.7 .296 4.5 1.6 0.7 2.4 11.0 

"" 140 Steven Adams CN 7.6 .591 0.1 .333 9.4 2.4 0.9 1.1 10.9 

"" 141 Jarrett Allen CN 6.5 .646 0.1 .000 9.5 1.3 0.6 1.3 10.6 

"" 142 Bobby Portis CN 8.9 .450 2.8 .358 5.1 1.5 0.5 0.3 10.1 

"" 143 Mitchell Robinson CN 5.6 .742 0.0 .000 7.0 0.6 0.9 2.0 9.7 

"" 144 Dwight Powell CN 5.7 .638 1.0 .256 5.7 1.5 0.9 0.5 9.4 

"" 145 Daniel Theis CN 6.6 .565 1.4 .321 6.6 1.6 0.6 1.3 9.3 

"" 146 Marquese Chriss CN 6.5 .545 0.7 .205 6.2 1.9 0.7 1.1 9.3 

"" 147 Maxi Kleber CN 7.1 .459 4.3 .374 5.4 1.2 0.3 1.2 9.2 

"" 148 Alex Len CN 6.2 .556 1.1 .250 6.0 1.0 0.4 0.9 8.3 

"" 149 DeAndre Jordan CN 5.1 .666 0.0 .000 10. 1.9 0.3 0.9 8.3 

"" 150 Enes Kanter CN 6.1 .566 0.1 .143 7.7 1.0 0.4 0.7 8.2 
